#  mean_mod
0.31774862
0.312914784
0.278277487
0.297872955
0.268566268
0.27242477
0.223657762
0.237631297
0.209797892
0.252852645
0.239895036
0.241132012
0.238442729
0.247361832
0.255077371
0.248457024
0.243602495
0.225107781
0.246982473
0.227956795
0.256994814
0.247947148
0.243475017
0.280953386
0.308704932
0.419857205
0.400697952
0.40166857
0.407111158
0.394531113
0.443889594
0.427989787
0.392588576
0.378401124
0.380078967
0.402792773
0.41392173
0.423409106
0.51525812
0.527241019
0.405818197
0.393678005
0.405229871
0.375380143
0.349634858
0.332500047
0.362538037
0.337877952
0.435726517
0.43640002
0.393745244
0.353941974
0.316775889
0.249962436
0.291532984
0.271428581
0.290411812
0.326878455
0.265898676
0.258293768
0.251320443
0.223883574
0.256554809
0.213012664
0.270217944
0.309762743
0.324417206
0.358779909
0.231817157
0.265570534
0.247827165
0.294416217
0.267333371
0.321734973
0.275906845
0.280816699
0.344552843
0.2658393
0.354058103
0.33007951
0.294101303
0.305478554
0.271326707
0.300497077
0.263526017
0.282487822
0.279900026
0.280343583
0.241742433
0.228161854
0.235025683
0.253853974
0.246595251
0.227716216
0.278080558
0.249600037
0.265839103
0.284344166
0.268980674
0.263326814
0.234451234
0.250472973
0.235672632
0.239608108
0.228869296
0.255703709
0.225283955
0.259520863
0.254387313
0.245613645
0.210418941
0.254449295
0.258606891
0.249636956
0.239222943
0.237650004
0.236267989
0.220303038
0.203060613
0.213123907
0.217624086
0.212630791
0.190644647
0.214910589
0.224721432
0.246400014
0.242224158
0.21097728
0.229102189
0.242640021
0.23935835
0.216807714
0.235022917
0.230907716
0.250384077
0.231101698
0.23423772
0.243571458
0.230731364
0.22510529
0.24297225
0.251600009
0.301227652
0.289060185
0.267677448
0.225425699
0.233321687
0.198529424
0.213437142
0.221346677
0.208012452
0.199050014
0.194993641
0.20346838
0.2021837
0.196910272
0.185113361
0.206318189
0.193194254
0.191604189
0.249560999
0.229735309
0.219512216
0.259526347
0.300391688
0.267120382
0.26956141
0.268952412
0.336656253
0.276311476
0.256080022
0.235146862
0.210541958
0.25666414
0.268948299
0.291876834
0.239070945
0.266094889
0.231348641
0.241482462
0.263082738
0.21689657
0.239807421
0.225107899
0.224894316
0.209146008
0.244709243
0.196945322
0.186506776
0.16529453
0.179916687
0.171472015
0.192157496
0.187940013
0.206492676
0.185217057
0.208630451
0.195389846
0.207040018
0.190646029
0.220048019
0.204440382
0.178253989
0.163931684
0.184469038
0.187014013
0.173780309
0.211655544
0.221432206
0.205946915
0.224658756
0.205162403
0.209973689
0.194375025
0.199843489
0.200060613
0.195034019
0.1980903
0.162417479
0.191825765
0.162082201
0.177256775
0.201165297
0.214291356
0.207152686
0.218068984
0.225135339
0.216520032
0.239900024
0.226921752
0.172656269
0.161159097
0.171705901
0.170122951
0.168952004
0.148398239
0.173911503
0.183839436
0.18379564
0.18694328
0.19179168
0.166808705
0.194266678
0.196886954
0.189110251
0.166680014
0.180363643
0.202756968
0.195310613
0.197014203
0.201733348
0.190121219
0.171095612
0.193484149
0.20192175
0.171475194
0.168459269
0.154914488
0.17646798
0.181198555
0.171522083
0.19200849
0.166429758
0.181938366
0.187773117
0.195120324
0.191975616
0.212965765
0.187167839
0.216288901
0.196469704
0.176781976
0.155320991
0.163968004
0.183036246
0.169242722
0.175818188
0.187007298
0.186838261
0.173341088
0.176013992
0.183598736
0.211962129
0.200940316
0.213016537
0.184913361
0.180184942
0.175863318
0.162158248
0.166620008
0.205626884
0.209089053
0.188288236
0.224149248
0.195281703
0.189088262
0.199578134
0.2099097
0.208328966
0.229000013
0.246507456
0.219373154
0.23713069
0.235917236
0.269884423
0.229615842
0.265770198
0.245968361
0.224123461
0.207821217
0.174968376
0.215137247
0.215855191
0.258187062
0.230239327
0.252710366
0.232664629
0.224932903
0.250298172
0.22054931
0.216284049
0.218113841
0.234429593
0.23120145
0.198166677
0.219125031
0.219955913
0.230542498
0.248410728
0.241110422
0.208320275
0.222453447
0.225718138
0.230459478
0.216656461
0.207094118
0.236243404
0.245409374
0.2173567
0.201357156
0.228533762
0.240945657
0.232189675
0.235797297
0.248157917
0.269610063
0.283248495
0.271567864
0.248668768
0.28438127
0.290419386
0.363763191
0.429005923
0.417767337
0.405413429
0.42210221
0.402088309

